---
center_coords: [35.48556194027054, 139.86056640390504]
extents: [[34.75, 139.0], [36, 141]]
country_code: "JP"
pop_threshold: 10000
mountain_threshold: 120
water_threshold: 0.50
